6.3379 
-5.8834 
-9.6125 
4.766 
-3.4215 
-2.8401 
-6.2522 
1.4858 
-4.3827 
-6.8288 
-7.612 
4.413 
6.0953 
-6.8991 
6.6086 
9.2784 
-7.8344 
-6.9113 
2.7014 
0.84657 
-8.5556 
-5.4078 
5.9404 
-2.3292 
-8.4396 
0.32021 
5.5788 
-6.3464 
5.929 
-8.982 
-0.57287 
-8.4747 
-4.8485 
5.6011 
-5.4524 
3.2625 
2.0274 
7.0519 
5.9358 
4.8801 
-0.46785 
4.3695 
2.7895 
8.9488 
-5.5324 
-2.1637 
-5.1474 
-4.8495 
-3.663 
1.3348 
-1.9512 
1.6553 
9.6458 
-9.583 
8.5739 
2.9083 
0.315 
-0.21382 
9.3101 
-9.8571 
-8.0221 
9.0689 
-5.6179 
1.5304 
1.371 
-5.5734 
-9.7739 
-4.3353 
-2.5957 
-8.0007 
-0.83387 
1.7267 
1.4882 
5.8621 
5.6217 
8.7309 
-7.1508 
-3.5743 
-2.3116 
-4.1766 
4.355 
6.3925 
1.6359 
-3.7994 
-9.4111 
4.0245 
3.0113 
2.2574 
8.2828 
-1.9579 
-4.2522 
-0.5489 
-8.1786 
-1.7801 
2.9591 
8.0917 
0.29779 
-7.5212 
-7.4703 
-6.7065 
4.9212 
6.6104 
-2.1904 
-6.3663 
-0.94845 
-0.76563 
9.0263 
3.0385 
-4.9089 
1.3141 
0.2062 
-4.4043 
8.5742 
1.4597 
-8.3265 
0.18 
3.9122 
8.7598 
-5.0179 
-8.8436 
-6.7136 
2.5461 
2.2358 
2.2714 
-6.9166 
-8.3423 
8.9949 
2.841 
3.3615 
-3.8085 
6.9643 
-7.616 
-5.9966 
9.9886 
0.21748 
9.16 
-6.2915 
0.73449 
2.085 
-5.1261 
-1.902 
-3.4668 
-4.2738 
2.3954 
-9.2426 
8.7472 
-3.1972 
-0.30102 
6.2246 
-5.5061 
-6.8898 
8.9738 
9.3194 
-9.0522 
6.4474 
6.7075 
5.8973 
-4.2536 
-7.0583 
-7.1921 
-5.925 
8.6672 
7.3318 
-1.2752 
3.3404 
3.3991 
0.68587 
4.2941 
-6.266 
7.4892 
-7.6587 
8.0982 
1.2127 
-5.3762 
-4.7977 
-8.8981 
2.3728 
6.497 
7.0688 
-6.2735 
-4.0004 
4.3618 
8.7589 
5.7568 
-4.3369 
-1.5823 
-0.75343 
3.1537 
6.3618 
-7.7415 
-1.9705 
-2.4366 
0.042582 
-6.616 
2.8038 
5.4981 
-1.0924 
4.6749 
6.1131 
3.8006 
-7.5239 
-9.5442 
7.0605 
3.2301 
3.7618 
6.643 
2.0844 
-5.8138 
-1.3785 
5.7639 
