6.33782980499417
-5.88338688832344
-9.61243413655724
4.76597726383438
-3.42145471332817
-2.84014029799870
-6.25222531735873
1.48584593019906
-4.38265360976469
-6.82885455809134
-7.61197589221861
4.41296370115208
6.09525122987615
-6.89900058209866
6.60855313052215
9.27836550451359
-7.83438755716424
-6.91119236302516
2.70133541220142
0.846625882800354
-8.55561031237042
-5.40788104427978
5.94034792418012
-2.32923004588075
-8.43959282408294
0.320163106956559
5.57871232294758
-6.34643151496866
5.92888207610587
-8.98209826623493
-0.572765279257341
-8.47465940301304
-4.84843516742946
5.60103448182269
-5.45237625438628
3.26250501143681
2.02741668827045
7.05185597590447
5.93573098670810
4.88006194354341
-0.467891455821919
4.36956831355230
2.78951892539569
8.94881717556783
-5.53232727571346
-2.16370712989367
-5.14738791302426
-4.84951466954379
-3.66299998569001
1.33469679347268
-1.95120846621046
1.65516018650561
9.64574947417928
-9.58298733580164
8.57391320388446
2.90831183577300
0.314971868820064
-0.213840225243089
9.31011916867973
-9.85712034768483
-8.02202035455097
9.06887876262089
-5.61786237628934
1.53038988649095
1.37103806776733
-5.57350216630471
-9.77388742093691
-4.33526418515460
-2.59570643206413
-8.00065576815387
-0.833881796747876
1.72669136328288
1.48823351136514
5.86211833530171
5.62181128489449
8.73091071274551
-7.15086353959010
-3.57428235294818
-2.31158668425916
-4.17659218589040
4.35503953987492
6.39250544450733
1.63586656985518
-3.79941802238886
-9.41101861683648
4.02455708458655
3.01117775047155
2.25739865791326
8.28285538608822
-1.95792595461454
-4.25225056497396
-0.548892595895641
-8.17858012629896
-1.78006637364221
2.95913777672978
8.09166353965867
0.297839008426124
-7.52130001669947
-7.47028866106153
-6.70647200928557
4.92108477324654
6.61040822070132
-2.19035770855415
-6.36628708750190
-0.948445974237532
-0.765668006577948
9.02618983135731
3.03845580415603
-4.90887327849703
1.31416011954925
0.206372732371302
-4.40427327104605
8.57425291808986
1.45969910514006
-8.32648637818658
0.180042647611325
3.91215470047975
8.75982987111162
-5.01800551840148
-8.84354972669169
-6.71345679542070
2.54603941576745
2.23564246421850
2.27136337758063
-6.91668685658850
-8.34228431622587
8.99485717990720
2.84099843279294
3.36148920359077
-3.80850568523773
6.96428071257693
-7.61598070470357
-5.99658354546527
9.98859613643050
0.217511933178791
9.16000421455113
-6.29140406431156
0.734495639416166
2.08504503813012
-5.12610505047446
-1.90209084229991
-3.46676367265491
-4.27384416247330
2.39537731703866
-9.24259394829241
8.74720145854050
-3.19733895901367
-0.301047569779325
6.22453309377495
-5.50598425495202
-6.88975372562848
8.97381623630804
9.31927613520189
-9.05215645008657
6.44743545447088
6.70745693471750
5.89732523613287
-4.25354625631763
-7.05829121511586
-7.19203490110453
-5.92506566260060
8.66722117313670
7.33172278738003
-1.27510692229112
3.34050361378262
3.39914014217289
0.685862102132678
4.29410546948118
-6.26594103693820
7.48916220559450
-7.65862825843179
8.09822000207572
1.21279174343925
-5.37619106948888
-4.79773274096741
-8.89806872427374
2.37292085469746
6.49707287991822
7.06871310645851
-6.27353804650863
-4.00032560077263
4.36182376236464
8.75883062352175
5.75679339678398
-4.33680584643197
-1.58230485130628
-0.753446831361459
3.15382673276815
6.36182448876042
-7.74136169375339
-1.97044971799745
-2.43650865270820
0.0426218776511356
-6.61602067114084
2.80385574621448
5.49811862990430
-1.09226780167334
4.67497768583054
6.11308630827684
3.80056051147461
-7.52381626407746
-9.54420229502901
7.06046703224938
3.23013812377054
3.76179346155914
6.64298246692332
2.08444170552561
-5.81380236015776
-1.37858920187980
5.76378457956780