-4.52364897918896
-0.238218562788939
-8.18362740505201
-8.21804330433534
5.3048830837593
6.13016500661925
-1.289820856225
5.19013924908409
-9.31090117961597
4.80227198318161
7.81862046018338
5.47203898558203
3.8722381528199
-9.92294526849289
5.29363085364225
-9.22313159674494
8.18093824202426
-3.02179675658144
10.0615418206885
-2.76656001166752
1.46814256369516
9.39425834924659
-3.1555237472581
9.22612959525719
7.46181101334984
2.18634760350938
-1.26812950283433
-4.15110057197521
-6.45080776598004
4.15597194753723
9.35609714033989
8.68827774050288
0.0855252134679228
3.37286012245362
1.17641263023707
0.458671497129685
-8.94769824233371
-7.94409705954895
-9.86664431622103
-5.50560406062579
7.32174037548278
-4.49208117258035
9.79150196225693
2.99021279829526
9.51357711649917
0.162059514586869
-8.99252189051593
9.90694974442549
-0.764312854400926
-0.67361484115639
9.04194329912277
9.9113343801374
-5.4928412467089
4.14623902522151
-7.24209951308719
7.07032695857354
-2.76469794775602
7.37423385709487
5.6919248801657
9.52799091269929
-7.79351039282666
0.412116648811809
-1.33747188150087
-6.57968965364619
9.38455365627353
-5.97940909856336
2.24938416640923
-4.11104345179201
-8.77649770149622
9.2657634304544
-3.57619098567495
-7.8601010662648
-2.76837520538734
-6.02245598802548
9.48957871110797
-6.03612136588282
2.18586512828333
2.61538142314324
-0.346739732192441
-4.01014479068771
2.79473769976131
-0.633098254862128
6.55882011213648
-1.22343732326279
1.23014554528306
-7.78275499262364
-1.62378373620944
-0.229699212748894
9.55452043487378
4.32220508642008
4.90027352464892
4.38663709917269
-1.08401802051236
-1.15930253307086
-0.571463563857647
-3.47060183671982
-5.8811539123041
-5.91702170389497
4.30284595045783
-6.24299913913934
2.51926870363641
5.25469444198206
-8.97852775081238
-4.75608743850125
3.5015486198521
-4.89022510344971
-7.44247914715212
-9.79968791410034
8.94296057038231
-5.72497391909388
-7.39293774672181
9.19489235282583
-3.39350030024403
-4.86155604431022
8.42277888331938
-6.59341907799388
2.52191502266108
-3.86901331169096
1.63973177700665
9.50868635217968
9.49672982486565
6.76477319259031
-8.84503194529678
-6.65797481369936
-1.14039678893217
4.74539910779768
-7.62775458462325
7.33199926533535
4.55007554509539
-0.935361159964267
0.682207740351129
2.64374311361387
-9.31691234057371
-5.02682200719195
-6.20816205324239
-7.25604696022566
2.48081625831839
5.20260290192887
-0.368538863951053
4.78944801954315
-5.54797171543495
-2.05320766656471
-3.21946457604945
7.72822662030482
-2.86897333331755
-2.02340088250096
-7.96089291282587
-7.69627654868873
-6.00848252653322
-4.98098116773377
4.03211867653615
4.04992928052186
7.85412205812124
-0.472355293242143
1.39310160894446
2.75367743261259
-6.78316956650578
-0.329367817043414
6.48157567130076
8.02135195465507
1.21595712479438
4.84763777541455
0.100938155279655
-6.31859219749591
2.16426925432254
4.73649544205871
8.31235098525231
0.20107624264049
-4.05928710412601
4.78959687468184
-6.24016703481092
2.07954758048908
4.09215911492563
-2.51322245040742
-6.73403359623824
6.51391488946413
7.54534035056291
-1.72795017964192
-9.10983292045949
1.70966494893749
3.8511209394693
9.68812820260469
-3.76778994160824
3.90107368577128
-0.788390292008284
-5.48006571364424
-2.02891472108835
2.49355981602574
-1.8829169016407
-5.32275567387461
-9.71077472626278
-1.29718527240255
7.70944260478929
-1.54728530891419
8.22596653843166
-9.51145352845834
-8.93818727519207
-2.21914787558485
-6.79815819266599
9.43948694803365
1.45516950470184
-0.150822682872699
-1.07984040338253
-5.26345191993576
-5.51597874693476
-7.83767888402094
1.54675855929557
2.13379915268512
0.658617271479897
-0.613408400203998
