-4.4918404865958
-0.224561046803432
-8.17477430047109
-8.21375595511666
5.30064739930079
6.12859672467804
-1.28796743693002
5.18581777471968
-9.30434210830887
4.79953627642455
7.8115372594502
5.46593527082684
3.8670417908411
-9.91247312532203
5.28727698712417
-9.22049787861512
8.17588688561363
-3.01705931211214
10.0487514373212
-2.76641358056061
1.46650378490838
9.38798802812414
-3.15126096908954
9.22252287055521
7.45068201029896
2.18986898016761
-1.26760077038961
-4.15084366403014
-6.44131653667369
4.15690423154852
9.35249901134992
8.68286095578405
0.0859851646660945
3.36948806226932
1.17440796367398
0.459520953875018
-8.94508343515023
-7.93120452869248
-9.8604182109711
-5.5057387763034
7.31650927420428
-4.4905362055966
9.77794472204311
2.98490272247926
9.50223471422267
0.162519041043502
-8.98349007949399
9.89839817185634
-0.764683527978561
-0.68106860562801
9.03200228668743
9.90697561026849
-5.48695847701361
4.14278344303691
-7.23524707655666
7.06354672655737
-2.76306477175928
7.36784391086088
5.68710419412597
9.51828244521024
-7.78931905736148
0.409738223480207
-1.32965056323754
-6.57255954161683
9.37643017352822
-5.97517895944296
2.24713007622156
-4.10908390024884
-8.76515835329748
9.25527985796949
-3.57301357033398
-7.85895804514736
-2.76651395260382
-6.01664989569926
9.48153562727983
-6.03346065685702
2.18713847921979
2.61610760194805
-0.34680311057005
-4.00741243664062
2.79491021370626
-0.633406808897093
6.55897642050325
-1.22038251560307
1.22692127148347
-7.77538321072003
-1.62349451054666
-0.230538138847639
9.54791756550669
4.31966439895428
4.89915290351649
4.38532181443602
-1.08572838050316
-1.16075375707741
-0.565719474981864
-3.46764582158274
-5.87770148117702
-5.91417827995741
4.29435020843945
-6.2394008452544
2.52163541383876
5.255441197477
-8.97583609831214
-4.75174988223723
3.50339987660027
-4.88177323412397
-7.4339853192686
-9.79575850327069
8.93497091485584
-5.72238978214542
-7.37975247227032
9.1871928546165
-3.38927872966763
-4.85245898608167
8.41142467620228
-6.58750573772628
2.52124803504971
-3.86358885437629
1.64080639751066
9.4990288486793
9.48776507180586
6.76303638284574
-8.83515505514062
-6.65018531346638
-1.14461942564069
4.74383685524936
-7.61671610513857
7.32896778621871
4.54890863464562
-0.940231056791545
0.680151435992614
2.64141319916491
-9.30714769553236
-5.02372305357099
-6.20634052338247
-7.25392567073851
2.47934519013305
5.19367883495388
-0.36879551012594
4.77895276161353
-5.5434943080213
-2.04957734944446
-3.21822124139126
7.72453688080868
-2.86530030248016
-2.02402571245822
-7.95231900160228
-7.69514887492953
-6.0065596641717
-4.97826571785539
4.02781723704948
4.05075471334613
7.84813616610103
-0.466721241574226
1.38918972194389
2.75566689571866
-6.7815481343974
-0.320547031195201
6.47839666258818
8.01492687881032
1.21256719158142
4.84305769907509
0.10238334100223
-6.30848169126214
2.16275155849688
4.73572529011954
8.30766232071337
0.204562157533842
-4.06292863464467
4.78280830882464
-6.2344363926585
2.07548639373317
4.08776591265637
-2.51087418648801
-6.73255682861311
6.51149107722975
7.53966027989742
-1.72610983677017
-9.10049017483849
1.71015163866247
3.84758459686158
9.67994225516279
-3.76366564761644
3.89935173161097
-0.78912665184252
-5.47392977436107
-2.02895893782467
2.48840822459371
-1.88351510001516
-5.32244597684952
-9.70062269661723
-1.30324658697006
7.70162320247651
-1.54636273709426
8.22192871819199
-9.50933980022449
-8.92815921718535
-2.21937071127655
-6.79497681395265
9.43270478840694
1.44757972746328
-0.149065381485414
-1.08250560464175
-5.25977926582579
-5.50959559921912
-7.82835852443684
1.54313390674644
2.1296212947853
0.658635401759502
-0.612642179401017
